101 500 3100
436 520 3200
94 400 3200
93 400 3100
92 400 3000
91 400 2900
59 300 2900
26 200 2900
25 200 2800
58 300 2800
90 400 2800
89 400 2700
57 300 2700
24 200 2700
23 200 2600
22 200 2500
55 300 2500
87 400 2500
378 469 2550
88 400 2600
56 300 2600
382 540 2430
381 540 2330
109 700 2400
131 900 2400
120 800 2400
388 850 2280
390 950 2220
394 1170 2280
395 1220 2210
179 1300 2200
193 1400 2500
192 1400 2400
204 1500 2400
216 1600 2400
225 1700 2400
233 1800 2400
408 1790 2580
409 1720 2610
404 1690 2680
217 1600 2700
412 1829 2700
413 1829 2800
419 2120 2750
422 2220 2820
438 2320 3150
423 2280 3250
272 2200 3200
420 2150 3250
268 2100 3200
416 2050 3150
264 2000 3100
263 2000 3000
262 2000 2900
261 2000 2800
260 2000 2700
259 2000 2600
258 2000 2500
257 2000 2400
256 2000 2300
255 2000 2200
254 2000 2100
253 2000 2000
252 2000 1900
251 2000 1800
250 2000 1700
415 2060 1650
249 2000 1600
248 2000 1500
247 2000 1400
246 2000 1300
245 2000 1200
244 2000 1100
243 2000 1000
242 2000 900
241 2000 800
240 2000 600
235 1900 600
228 1800 600
406 1710 510
401 1550 500
186 1400 600
173 1300 600
174 1300 700
396 1350 750
399 1450 770
187 1400 930
175 1300 1130
393 1150 1350
138 1000 1100
392 1050 1050
152 1100 900
151 1100 700
150 1100 600
162 1200 600
137 1000 600
127 900 600
386 850 520
441 750 490
104 700 600
115 800 600
387 850 700
389 939 740
116 800 1030
66 400 400
34 300 400
35 300 500
2 200 500
3 200 600
4 200 700
37 300 700
69 400 700
70 400 800
71 400 900
72 400 1000
73 400 1100
41 300 1100
42 300 1200
74 400 1200
75 400 1300
76 400 1400
77 400 1500
99 500 1500
78 400 1600
79 400 1700
80 400 1800
100 500 1829
81 400 1900
49 300 1900
16 200 1900
15 200 1800
48 300 1800
47 300 1700
14 200 1700
13 200 1600
46 300 1600
45 300 1500
12 200 1500
11 200 1400
44 300 1400
43 300 1300
10 200 1300
9 200 1200
8 200 1100
7 200 1000
40 300 1000
39 300 900
6 200 900
5 200 800
38 300 800
36 300 600
68 400 600
67 400 500
1 200 400
442 0 0
102 600 400
103 700 300
114 800 300
126 900 300
136 1000 300
149 1100 300
161 1200 300
172 1300 300
185 1400 300
400 1550 300
405 1710 310
227 1800 300
234 1900 300
238 2000 300
239 2000 370
266 2100 300
269 2200 300
273 2300 300
276 2400 300
279 2500 300
281 2600 400
282 2600 500
428 2750 520
341 2900 400
342 2900 500
346 3000 700
347 3000 800
348 3000 900
433 2930 950
349 3000 1000
350 3000 1100
351 3000 1200
352 3000 1300
343 2900 1400
353 3000 1500
354 3000 1600
355 3000 1700
434 2950 1750
356 3000 1800
357 3000 1900
358 3000 2000
435 2950 2050
359 3000 2100
360 3000 2200
361 3000 2300
344 2900 2400
362 3000 2500
363 3000 2600
364 3000 2700
365 3000 2800
366 3000 2900
367 3000 3000
368 3000 3100
369 3000 3200
370 3000 3300
371 3000 3400
372 3000 3500
373 3000 3600
374 3000 3700
375 3000 3800
338 2700 3800
337 2700 3700
427 2620 3650
336 2700 3600
335 2700 3500
334 2700 3400
307 2600 3400
275 2300 3400
437 2300 3500
265 2000 3500
237 1900 3520
414 1829 3450
410 1790 3330
411 1720 3409
226 1700 3600
220 1600 3600
210 1500 3600
199 1400 3600
184 1300 3600
171 1200 3600
160 1100 3600
148 1000 3600
135 900 3600
125 800 3600
113 700 3600
383 620 3650
384 620 3709
98 400 3600
97 400 3500
380 469 3450
96 400 3400
379 469 3350
95 400 3300
63 300 3300
30 200 3300
29 200 3200
62 300 3200
61 300 3100
28 200 3100
27 200 3000
60 300 3000
64 300 3400
31 200 3400
32 200 3500
376 150 3500
377 150 3550
33 200 3600
65 300 3500
112 700 3300
124 800 3300
134 900 3300
147 1000 3300
159 1100 3300
170 1200 3300
183 1300 3300
198 1400 3300
209 1500 3300
219 1600 3300
236 1900 3000
218 1600 3000
208 1500 3000
197 1400 3000
196 1400 2900
195 1400 2820
207 1500 2860
206 1500 2800
205 1500 2700
194 1400 2700
181 1300 2700
168 1200 2700
157 1100 2700
145 1000 2700
132 900 2700
122 800 2700
110 700 2700
121 800 2600
385 750 2550
391 910 2600
144 1000 2600
143 1000 2400
156 1100 2400
167 1200 2400
180 1300 2400
398 1350 2140
178 1300 2100
166 1200 2100
155 1100 2100
142 1000 2100
130 900 2100
119 800 2100
108 700 2100
439 530 2100
83 400 2100
82 400 2000
50 300 2000
51 300 2100
18 200 2100
17 200 2000
19 200 2200
20 200 2300
21 200 2400
54 300 2400
86 400 2400
85 400 2300
53 300 2300
52 300 2200
84 400 2200
107 700 1800
118 800 1800
129 900 1800
141 1000 1800
154 1100 1800
165 1200 1800
164 1200 1700
177 1300 1800
189 1400 1800
201 1500 1800
402 1550 1850
214 1600 1800
223 1700 1800
231 1800 1800
230 1800 1500
222 1700 1500
213 1600 1500
200 1500 1500
188 1400 1500
176 1300 1500
163 1200 1500
153 1100 1500
139 1000 1500
128 900 1500
117 800 1500
105 700 1500
106 700 1600
140 1000 1629
397 1350 1700
202 1500 1900
190 1400 2000
191 1400 2100
203 1500 2100
215 1600 2100
224 1700 2100
232 1800 2100
418 2110 2000
417 2170 1900
278 2400 2100
296 2600 2100
297 2600 2200
323 2700 2200
322 2700 2100
321 2700 2000
295 2600 2000
294 2600 1900
293 2600 1800
292 2600 1700
291 2600 1600
317 2700 1600
316 2700 1500
315 2700 1400
314 2700 1300
288 2600 1300
287 2600 1200
313 2700 1200
312 2700 1100
311 2700 1000
310 2700 900
284 2600 900
285 2600 1000
286 2600 1100
340 2800 1130
339 2800 900
309 2700 800
308 2700 700
283 2600 800
280 2500 800
440 2550 710
426 2450 710
277 2400 600
274 2300 600
271 2200 600
267 2100 600
270 2200 469
407 1750 750
403 1650 1050
211 1600 1100
221 1700 1200
229 1800 1230
212 1600 1300
421 2290 1400
425 2320 1500
424 2390 1300
289 2600 1400
290 2600 1500
318 2700 1700
319 2700 1800
320 2700 1900
430 2850 2200
324 2700 2300
429 2760 2360
325 2700 2500
300 2600 2500
299 2600 2400
298 2600 2300
301 2600 2600
302 2600 2700
327 2700 2700
328 2700 2800
329 2700 2900
304 2600 2900
303 2600 2800
305 2600 3000
306 2600 3100
331 2700 3100
332 2700 3200
333 2700 3300
432 2850 3350
345 2900 3000
330 2700 3000
431 2850 2700
326 2700 2600
182 1300 3000
169 1200 3000
158 1100 3000
146 1000 3000
133 900 3000
123 800 3000
111 700 3000
101 500 3100
花費時間為00:02:54.0681709
最佳路徑長度為：58086.5040430787